送,3
一份,2
免费,1
酒店,1
还会来,1
赠送,1
贴心,1
设计,1
粗糙,1
特别,1
满意,1
格子,1
早餐,1
接待,1
想,1
夜宵,1
吃,1
零食,1
